  86  50  54  12   6  42  94  61  81  59   3  83  72  60  95  70  79  27  54  19
  55  79  52   4  43  67  12   6  82   4  64  67   5  69  79  63  62  72  75  42
  83  77  25   6  88  19  75  66  98  29  36   4  59  88   7  53  54  18  58  36
  73  73  54  77  41  32  91   3  56  66  44  90  94  20  95  82  91  22  99  88
  50  35  91  60  74  49  12  27  66  69  14  90  93  68  66  33  51   9  87   6
  74  83  47  67   2  42 100  92  15  99  31  16  85  21  75  58  69  38  36  86
   6  50  75  98  69  93  82  19   1  21  77  26   3  23  92  56  16  92 100  30
  42  30  45  26   3  71  83  23   8  18  61  65  19  87  14  87  31  96   6  83
  16  82   8  70  56  52  77  72  95  76  53  36  58  50  61  12  20  95  34  28
  64  46  92  83  33   6  69  15  53  26  98  20  59  57  89  15   8  17  38   2
  93  90  37   2  39  49  13  59  43  98  38   7  44  81  41  28  38  61  94  90
  87  91   9  45  48  49  59   7  18  48   9  10  38  97  63  76  46  75  86  40
  24  75  98  19  56  38  98  93  99  92  83  37  82  43  81  81  44  92  88  61
  39  48  22  28  44  84  56  41  10  41  81  33  16  78   4  23  68   1  15  18
  92  49  54  26  44  34  58  39  77  45  99  68  92  72  95  88   7  50  28  16
  43  60 100  10  90   3  32  57   4  98  74  47  47  27  24  42  12  82  80  89
  78  30  56  70   1   2   9   7  52  36  74  46  48  73  55  37  28  38  93  83
  35  66  29  33  44   5  26  55  86   5  95  63  34   2  84  34   4  92  92   7
  80  65   4  27  90  58  63  17  47   7  51  33  24  31  18  67  35  43  73  20
 100  20  83  33  21  18  19  76  10  10  82  41  27  85  19  16  94  33  84  92
  39  34  25  14  64  94  32  99  36   4  70  87  23   4  20  96  22  90  71  83
  51   5  23  77  41  93  44  87  25  27  78  63  12  54  76  28  47   7  78  35
  62  47  73  37   3  92  84  24  81  54  58  84  10  80  60   3  72   4  89  48
  82  18  10  46  24  37  73  22  95  50   8  56  48  81  44  50  72  27  25   5
  33  82  88  94  13  99  96  36  54  36  83  88  54  92  33  29  80   5  50  74
   6  58  82   5  38  25   7  61   4  31  17  36  65  56  81  77   7  77  13  60
  64  95  47  17  39  31  97  70  87  47  96  92  56  77  49  93  53  55   5   8
  37  22  95   1  29  76  78  35   4  42  47  67  88  45  84  78  76  80  48  62
  78  43   6  33  71  54  77  23   8  82  31  44  55  77  45  35  52  74  70  55
  15  68  22  54  12  57  32  87  88  79  49  66  73  54  50  43  59  27  17  66
  60  99  61  14  76  57  48  27  30  69  34  96  36  55  50 100  63  33  86  50
  63  86  67  35  91  17  77  49  43  45  66   2  44  27  67  19  35  66  97  65
  87  30  12  22  36  13  73  98  45  59  48   7  96  66  93  87  82  69  87  76
  14  53  29   9  31  95  79  65  13  75  81  99  57  45  20  92  57  93  42  54
   3  41  12  98   6   5  36  88  25  23  63  90  27  44  98   9  38  76  73  50
   3   6 100  59  50  20   2  58  64  43  11  18  83  75  67  89  79   3  28   3
  77  90  93  55  85  42  63  23  18  87  24  20  92  24  30  93  95  31  51  10
  26  13  79   8  39  45  48  17  99  75  72  27  17  16  81   1  57  43  75  26
  30  51  97  73  74  26  66  20   9  68  81  34  32  59  93  71  55  93  87   6
  67  10  32  35  25  65  36  82  59  62  59  88  12  56  13  37  33  30  56  93
  97  88  78  28  46  71  98  53  63  37  58  81  46  89  16  23   5   3  56  64
  64  14   3  76  21  15  12   6  44  20  98  92   7  76  20   5  98  69  57  60
  57  14  92  55  54   7  77  59   9  84  74  73  97  76 100  70  91  11  75  86
  30  72  78  89  99  49  93  96  17  49   7  26  14  99  80  19   5   8  29  66
  43   2  38  91  78  89  60  20  99  86   5  81  58  82  69  56  30  13   4  99
  13  10  24  26   8  55  96  13  14  25  30   8  78  19  98  55   7  58  74   5
  43  31  37  52  12  57  60  94  69  63  92  33  24  67  58  32  73   6  96  38
  82  25  45  59  43  42  14  49  51  39   5  46  69  42  49  33  50   8  78  19
  22  21  51  46  39  61  29  11  18  24 100  99  48  44  57  90  37  22  90  40
  13  94  85  33  87  33  17  37  93  94   7  66  14   9  63  52  21  91  14  38
  14  13  36  13   8  45  54  97  66  43  36  30  89  20  63  27   4  79  63  48
  73  21  66  38  30  28  42  50  19  55  40  84  20  75  97  27  71   2  23  89
  97  58  18  85  29  32  11  85  11  26  84  35  46  49  72  27  77  13  29  47
  20  68  82  39  94  30  65  65  32  40   5  28  49  22  64  30  54  26  14  16
  51  49  50  49  98  73  75  26  86   3  24   5  22   5  43  16  87  59  32  18
  50  36  97  99   9  60  28  14  85  93  29  88  41  30  36  38   3  62  63  88
  17  38  44  38  43  38   5  29  48  88  98  98  23  46  96  84   5  75  97  41
  67  78  80   7   7  15  97   9  29  11  48  45  49  91  34  43  80  39  71  28
  78  20  25   1  65  72  36  21  46  32  13  12  61  93  70  68   7  66  76  35
  29  76  31  77  18  65  71  98  55  93  25  32  12   1  84  28  72  19  48  17
   3  60  80  15  52   1  82  11  19  10  97  47  85  28  75   2  44  45  51  98
  37  75  81 100  27  17  27  98  87  74  66  89  85  45  56  37  98  37  47  16
  98  95  62  34  22  36  88  65  32  38  14  68  65  95  67  91  11  45  89  97
  70   6  38  54   3  93  42 100  81  88  15  31  35  76  64  56  63  51  73  94
  89  86  13  53  80  31  95  42  27  35  91  96  41  80  49  43  72  91  94   4
  30   8  34  64  35  98  20  49 100  92  94  40  29  58  44  61  40  39   2  66
  73  44  61  65  23   9  59  46  51  52  50  81  11  35  44  97  84  15  45  84
  58  90  75  39  47  19  99  86   9  52  51  81  96  11  98  18  72  56  64  22
  60  65   2  70  99  98  67  35  64  63  18  74  53  92  12  99  62  10  85  70
  61  87   3   8  50 100  26  21   7  41  94  66  57  96  36   7  45  54  41  60
  16  58  33  68   2  96  19  63   5   3  85  18  41  87  25  90  38   2  62  44
  94  56  10  50   3  45  57  47  50  97  58  65   7  91  33  60  86  51  74  43
   5  58  60  97  96  36  87  33  38 100  77  83  55  86  33  57  82  89  55  31
  37  13  95  43  55  79  54  40  81  28  34  37  85  45  34  81  81  72  13  70
  71  89  52  78  26  36  34   7  76  89  37  13  53  84   7   7  62  61  98  95
  40  32  31  24  76  16  56   8  39  21  29  62  61  33  39  87  68  24  45  44
  12  34   8  64  17  14  22  30  26  20  24  65  51   7  41  78  74  48  38  13
  20  66  26  81  98  64  19  18  87  63  61  51  96  68  66  64  33  88  94  11
   7  69  75   9  27  67  38   1  15  75  65  34  93  42  66  42   5  84  59  43
  99  71  45  46  90  11  10  23  50  55  33   8  23  59  68   2  26   5   2  92
  32  18  77  24  59  43  65  15  78  76   9  76  46  54  74  36  16  83  10  17
  89  42  24  11  52  43  12  29  47  65  20  30  34  97  53  44  91  70  10  68
  45  19  96  42  24  69  77  39   3  86  55  91  79  30  53  83  24  65  11  22
  81  83  52  67  31  56  62  21  25  72  40  21  90  35  63  13  55  91   3  57
  29   9  47  59  90 100  41  13  16   4  34  48  38  85  66  68  93  28  40  17
  99  79  90  40  66   4   4  20  46   6  29  74  66  75  85  55  26  77  19  41
  80   4  41  17  89   6  36  81  33  75  49  31   6  90  22  23  93  25  42  39
  82  70  64  47  97  48  53  22  77  23  15   8  27  55  77  67  12  12  99  45
  39  99  27  44  89  49  66  33  25  59  23   7  81  87   5  77  86  10  50  62
  32  16  22  10  70  98  76  34   9  26  78  47  25  56  42  13  56   7  97  81
  18  20  39  98   6  43  26  43  52  75  57  36  91  78  45  12  75  21  97  83
  98  74  82  22  82  23  86  37  82  83  69  51   2   7  48  59  50  25  53  53
  99   9  88  41  38  33   5  12   5   1  47   2  27  80  76  60  54  61  96  87
  95  17  37  48  23  36  58  24  60  11  77  11  71  16   3   9  48   7  72   4
  60  18  58  38  49  85  97   3  97  44  89  92  60  26  91  83  13  49   6  73
  59  34  35  29  50  37  37  49  96   9   5  55  78  62  44  27  98  40  29  94
  83  69  85  43  46  76  77  59  24  34  83  34  68  17  62  17  53  51  65 100
  11  69  54  40  82  97  66  79  88  46  73  71  15   9  65  12  36  41  70  11
  74  52  44  41  20  58   9  25  60  74  24  70  94  30   9  28  78  27  58  66
  24  30  36  90  91 100   2  78  92  71  89  65  75  84  58  46  93  66  70  52
  91  94  73  37  23  34  64 100  12  21  17  35   3  52  25  45   3  26  22  94
  48  62  11  74  98  68  20  90  85  41  94  76  34  18  64   8   3  27  60  14
  99  76  49  53  28  73  49  82  98  71  28  97  84  90  71  81   9  42  23  93
  82  16  20  16  85  35  75  88  13  34   1  12  10  49  16  89  73  65  22  22
  87  49  19  70  90  89  51  98  82  73  43  63  40  14  30  24  49   5  63  61
  38  64  24  99  64  40  87  37   4   9  58  42   9  28  11  99  68  13  48  49
  85  90  12  76   4  41  52  52  97  14  64  35  77  88  33  93  27  72  29  82
  32  38  23  40  66  33  90  33  46  38  82  82  27  45  10  82  37  61  85  34
  74  49  20   3  36  52  95  62  75  75  95   6  12  69  46  29  53  35  62  50
  24  95  32  51  39  41  84  75  53  69  60  78  17  79  80  52  83  26  65  57
 100  59  63  64  27  60  92  79  46   5  29  70  99  12  72  89   4  55  16  56
  23  75  33  91  54  65  42  36  90   6  44  42  16   6   5  94  17  48  73  63
  53  53  84   3  16  55  92  19  61   7  26  36  33  10  26  86  26  20  73  68
  77  17   9  93  74  65  86  91  12  10  53  64  14  88  67  29  42  10  99  54
  16  76  41 100  38  67  38  63  38  10  30  14  78  90  58  52  54  96  94  66
  57  46  81  71  85  99  51  78   8   2  31  75  77  72  75  66  90  12  29  27
  73  10  40  51 100  50  54   5  45  47  70   1  44   3  71  28   1  74   5  61
  75  87  87   3  58  13  69  99  76  49  77  49  58  17  51   9  18  56  14  62
   2  35  62  97  37  85  24  90  58  80   2  84  66  88  86  76   1   6  26  76
  54   3  76  12  71  26  20  88  33  33  49  34  68  62  30  56  46   5  97  55
  36  98  90  54  86  28  81  38  33   6  13  87   8  41  50  78  18  21  17  51
   6  17  36  25  79  18  80  76  22  77  83  10  26  72  63  11  51  43  48  84
  48  13  22   8  53  23  37  22  43  54  72 100  70   8  24  48  25  56  76  98
  84  58  59   9  81  21  72  32  63  19  67  63  83  40  22  87  62  58   9  56
  11  32   8  33  39  31  80  15  38   7  65  21  64  23  82  97  96  53  28  10
  23  46  72   6  85  93  44  98   3   4   5  13  36  64  45  26  47  77  93  84
  83  57  57  99  31  38  95  26  90  74  36  12  71  59  69   7  52  65  56  54
  68  60  18  55  76  15  81  22  91  73   5  25  81  61  23  11  98  69  89  39
  94  24  51  64  82  71  70  85  35  25  90  55  37   8   9  12  74  89  33  64
  13  37  40  45  50  15   8  99  83  96  38  77  19  40  92  52  10  62  37  97
  86  26  51  74  85  59  85  58 100  17  73  12   6  13   9   7  27  16   5  61
  11  42  89  81  33  81  32  43  42  20  91  79  98  41   5  34  51  89  92  50
  58  16  14  15  80  22  21  58  37  25  19  99  19   7  31   3  39  62  97  80
  34  87  11  31  27  15  64  30  55   7  79  64  23  92  78  54  65  50  12  53
  75  82  51  45  88  81  99  27  95  96  58  28  82  20  10  61  86  73  90  41
  80  68   4  54  12  34  59  76  83  70  29   9  51  31   5  91  64   4  69  58
  99  78  37  80  50  46  92  35  70  81  27   1   1  83   6  12  16  65  39  98
  86  19  59  37  50  63  79  13  66  47  22  16  76  10  96  25   7  39  60  28
  20  86  29  20  20  34  83  35  50  21  85  36  40  43  24  41  57   2   5  75
 100  26  90  75  87  37 100  45  76  11  72  95  96 100  66  68  86  48   2  35
  20  38  22  11  32  45  51  89  46  55  63  45  32   4  72  18  41  71  14  68
  81  86  14  28  85  79  95  22  78  49   9  49  86  30  60  18  75  10  58  72
  65  72  69  48  75  40  18  67  62  31  34  94  16  47  21  53  77  68  26   6
  16  34  55  53  16  14  22  90  75  79  13  91   2  33  39  29  24  56  95  85
  38  81  30  54  79  51  58  56  70  83  61  85  17  15  89  32  80  11  73  55
  89  37  45  43  70  35  71  45  90  65  82  28  97  11  33  76  61  42  31  82
  24  43  18  92  10   7  75  89  17  99  95  57  88  92  99   9  26  69  53  68
  86  34  47  82  45  31   9  57  72  39  39  95  34  56  39  43  14  65  83  82
  64  30  39  51  21  89  59  98  10  63  17  47  97  63  80  93  45  89  49  16
  79  39  63  12  47   1   6  60  65  41  42  80  70  32  82  42  72  40  39  33
  55  56  31  51  70  11  95  67  99  43  82  29  34  44  93  80  96  98  91  13
  38  84  92   7  15  74  48  39  65  39  71  71  46  54  73  67  64  67  33  14
  62  15  42  95  10  34  74  58  84  16  70  21 100  13  80  14  38  79   4  55
  69  27  25  14  80  98  81  95  64  65   8  25  79   1  71  41  87  44  98  70
  60  19  42  11  83  73  24  21   4  80  27  72   6  51  86  37 100  18  31  16
  82  38  92  13  90  63  53  76  58   2  97  69  20  91  79   2  63  55  74  66
  34 100  90  91   3  75  27  54  44   9  69  77  98  61  89  87  75  93  15  32
  46  11   1  65   1  31  19  16  85  44  81  18  44  70  60  98  96  38  51  91
  46  72  68  43  84   8  82  58  53  96  41  98   6  41  15  59  72  33  74   8
  76   6  78  71  28  37  20  75  27  71  66  72  94  85  67  77  44  48  86  96
  95  26  94  52  19   8  10  42  92  35  49  19  41  26  90  68  15  61  94  41
  83  11  64  76  47  30   4  91  29  89  38  23  15  31  75  33  90  36  26  33
  71  74  52  11  52  93  30  66  53  75   6  36  86  21  63  32  51  67  74  31
  55  12   6  21  94  80   5  84  67  30  16  37  56  19  99   7  11  80  24  16
  55  81  51  40   1  13  23  51  31  97  34  38   8  39  10  53  70  15  36  36
  96   4  25  51  22  23   9  85   3  32 100   9  12   2 100  13  66  74  15  97
  70  48  86  29  38  95  82   7   9  69  43  57  24  19   7  98  41  16  82  95
  99  33  55  11  34  54  23  99  28  89  47  49  89  32  30  26  27  11  33  87
  31  27  43   7  45   2   4  37  69  37  32  67  69  86  29  54  92  51   4  19
  92   3  19  80  86  48   5  64  10  37  51  41  15  45  47  59  98   2  96  66
  38  79  85  58  16  13  63  59  16  66  29   7  20  48  86   6  95  42  69   5
  31  71  97  45  16  43  56  13  96  51  31  33  81  15  42  48  27   4   7  42
  21  35 100  41  34  85  98  29  27  66  33   9  37  29  53   4  23   8  68  18
  10  98   2  42  12  95  90  91  98  48  84  70  34  84  62  68  68  59  48  46
  77  32   6  65  12  59  20  34  66  87   3  76  37  56  17 100  50  58  90  99
  57  74  68  91  57  82  10  76  92  57  74  20  88  79  84  99  37  55  84  55
  94  86  82  30  93  50  29  42  60  71  40  16  44  59  58  52  92  67  79  36
  23  52  55  10  83  91  60  71  45  43  25  38  80  58  19  72   8  48  65  67
  18   4  34  13  15  92  64  58  58  42  93  33  46  48  94  28  38  54  98  34
  48  75  24  28  84  42  99  43  89  64  61  58  19  95  70  85  86  33  95  95
  27  87  27  72  86  73  51  75  26 100   9  73  26  32  52  10  73   3  52  14
  18  13  71  88  59  93  73  44  77  19  90   3   5  69  26  43  41  76  17  66
  28  25  90  53   8  42  62  33  44  66  98  61  78  68 100  36  60  24  31  89
  42  72  91  99  40  69  41  80  44  57  45  71  34  87  24  93  28  37  25  23
   2  22  35  31  42  34  18  53  58 100  41  51  72  84  49  11  52  89  91  47
  46  87  18  31  73  93  23  52  81  48  26  35  21  60  17  14  46  35  67  55
  86  59   5  57  42  54  20  45  42  10  92  39  48  61  69  21   5  92  24  85
  91  50  19  63  61  88  77  58  22  95  12  59   5  17  16  99  22  87  43  15
  96  34  54  95  46  74  15  50  17  91  35   7  40   5  22 100  92  98  58  65
  44  21  24  48  89  91  46  10  77  41  77  24  26  30  18  72  55  85  21  72
  75   7  30  66  64  51  17  55 100  26  72  43  47  47  91  35  37  88  97  65
  28  73  40  54  54  57  25  60  93  97  31  19  56  61  84  19  11   1  73  63
  26  96   5  72  42  47  59  30  35   7  94  14  31  85  67  36  94  43  95  86
  92  78   5  47  38  88  65 100  40  89  62  66  85  19  89  26  65  99   8  51
   5   1  65  87  38  83  22  31  78  69  16  69  46  72  15  35  12  31  86  51
  19 100  68  55  18  57  33  34   7  40  85  12  92   1  50  29  83  24  59  60
  92  27  80  89  98  94  23   9  76  60  12  95  59  79  49  76  87  81  62  94
  72  46  57  64  46   6  92  28  29   3  40  72  29  19  60  26  65  34  87  40
  94  98  86  52  28  35  80  15  67  41  60  39  86  16  54  83  73  97  62  54
  99   1  77  27  72  37   5  36  70  43  27  63  92  13  67  19  47  46  85  65
  86  44  55  23  11   8   5  36  57  18  41  55  19  17  34  42  53  90  77  75
  32  55  89  23  67  55  93  65 100  78  30  37  73  36  11  84  96  67  71  52
  85  11  58  55  27  91  96  32  32  24   6  15  78  46  37  45   1  82   9  52
  59  90  41  31  78  51  66  73  18  88  24   2  98  81   8  77  24   3   8  55
  26  65  22  55  10  58  99  62  91  60  66  49   1   6  32  78  56  49   2  25
  37  25  78  34  58  85  62  33  39  21  39  16  37  60  71  99  70  21  60  60
  80  25   9  33  82  92  62  90  40  64  14  76  88  44  62  97  80  23  29  19
  96  68  34  32  27   4  30  96  25  42   8  56  18  16  40 100  59   2  89  98
  65  54  74   4  97  87   1  29  61  81  47  56  48  32  40  27  88  21  74  64
  62  81  71  32  48  11  31   6  12  71   4  76  24  29  31  73  15  31   1  27
  64  99  83  11  30  74  89  69  94  63  32   8  95   3  39  43  65  69  48  76
  39   3   3  14  31  33  86  97  16  38  24  79  36  58  41  18  31  82  86  76
  44  70  83  38  72  21  32  36  41  80  63  79  82  17  93  65   1  30  61  16
  68  36  46   3  45  39  72  75  20  58   3  15  27  85   4  50   6  36  37  46
  15  99  77  48  15  21  12  67  50  25  83  69  12  80  24  57  70  95  83  89
   4  85  55  82  70  59  31  75  94  67  72  60  17  48   7  83  20  71  50  22
  95  84  90  58  15  13  14  85  60  97  25  63  81  32  97  50  90  27  76  83
  46 100  94  14  99 100  49  19  70  50  40  16  85  81  74  99  46  39  35  57
  35  12  71  68  43  67  69  32  94  97  66  91  96  59   4  46  10   4  64  32
  53  55  47  37  88  72  36  33  11  22  89  97  33  59  64  27  26  33  58  71
  29  75  61  76  85  16  21  95  20  37  26  24  43  24  61  30  48  48  14  10
  69  54   6  54  13  22  80  90  54  90  12  34  64  24   9  49  91  29  95  10
  17  20  34  60  95  46  89  42  93   3   3  61  56   9  66  20  30  46  61  35
  35  72  68  50  47  28  50  38   8  44  99  25  15  32  84  10  29  24   3  21
  26   6  34  34  66  99   5  47  44  66  33  30  89  52  32  36  79  81  25  86
  25  23  62  91   7  45  52  35  69  55  56  46  12  89  31  29  87  36  75  83
  53  59  64  93  10  95  28  88  76  52  25  52  27  39  94  33  35  46  67  55
  52  22   1  63  10  83  43  49  18  17  83  22  75  46  15  36  41  42  75  68
  46  51  71  72  89  64  56  24  61  22  78  12  44  30  26   5  13  68   5  82
  36  87   4  62  33  18  97  25  11  71  44   8  22  66  31  62  81  86  85  42
   8  15   5   3  44  31   7  56  50  12  90  86  50  93  47  34  10  96  58  72
  66  53  80  39  70  62   1  51  48  37  92   7  51  48   9  47  78  15  54  28
  78  43  65  28  35  11  61  96  58  71  20  76  75  99  14  45  60  66  95  59
  55  38  65  57  37  73   3  15  40  57  94  69  51  58  96  38  20   9  85  78
  31   4   5  57   2  70   1  14  36  47  72  42  36  89  98  73  61  53  39  52
  61  32  21  11  41  68 100  12  28  85  41  58  88  45  67  42  15  67  55   2
  66  78  95  53  18  92  25  79  96  15  82  56  46   2  19  38  22  18  50  49
  54  42  59  42  87  25  83  53  43  89  54   8  18  48  61  36  91  37  66  39
  52  47  94  49   1  64  39  22  34  88  70  87  81  28  28  67   4  62  19  47
  50  24   6  20  23  18  55  66  55  72   4  58  18  49  58  18  13  96  91  46
  35  61  84  16  40  12  82  44  25  53  42  27  28  47  46   3  65  52  68  71
  23  71  28  92  71  37  10  83  33 100  80  67  12  64  82   4  27  16  99   3
  20  40  29  47  38  26   1   2  77  68  24  51  90  51  43  61  88   4  43  72
  55  75  38  19  90  72  22  68  39  20  70  10  59  99   8  96  24   9  50  53
  76  73   3  66  76  45  26  15 100  20  86  55  46  75  73  35  98  94  54  88
  65  24  97  75  22   5  22  97  13  71  49  88  96   4   5  71 100  82  37 100
  54  22   6  51  48  78  86  98  23  91  85  39  14  82  13  87  86  34  84  50
  57  84  89  52  39  94  74  39  27  10  90  80  31  95  31  30  24  68  27  46
  58  12  36  24  45  48  10  82  33  45  31  89  81  19  40  19  64  13   9  91
  22  98  22   4  92   4  86  15  71  64  12  81  27  47   4  71  46  65   4  79
  10  34  67  42   5  59  60  20  23  21  62  97  18  84 100  62  87  37  28  10
   1  92  42  27  90  97  50  36  61  53  66  22  39  32  63  43  42  75  14  65
  95  76  61  64  59  12  25  97  49  53  58  49  44  99  27  33  47  76  20   8
  81  85  29  19  69  44  13  10  18  26  74  64   1  34  27  11  98   4  60  46
  56  17  46  51  68  24  35  14 100  55  73  32  39   2  50   7  97  62  17  66
  39  42  29  40  28   7   2  25  10  61  70  17  30  67  67  97  90   2  62  41
   8  35  72  46  88  21   5  84  34  21  49  73  14  29  64  41  87  17  65  97
  30  86  65  59   4  32   7  94  85  20  86  92  54  58  89  41  30  93  76  16
  65  76  88  79  56   3  71  43  71  88  91 100  25  55  10  29  38  16  74  74
  36  59  17  41  16   6  34  98  98   9  13  63  37  52  93  92   6  63  86  76
   2  76  76  27  83  37  55  72  53  28  46  40  86  62  80  54  67  13   3  17
  74  15  31  10  66  75  53  23  37  39  98  39  14  25  65  48  62  71  20  66
  98  65   5  35  78  36  40  45   1  42  13  74  56  43  35  73  17  87  95   5
  25  45  95  91  69  11  38  82  81  57  47  30  73   3  17  51  39  56  47  39
  50  11  64   5  53  98  30  21  36  76  77  61  20  72  51  41  34  40  22  67
  49  21  48  73  23  64  75  61  72  21  51  21  83  66  77  87  15   6   7  51
  34  36  11   5   7  13  45  92   4  19  10  52  39  58  25  13  21  99  74  44
  72  76  64  54  42  41  41  56  98  99   6  31  34  68  36  92  32  32  84  36
   2  93  39  92   2  63   5  75  14  30  18  85   5  82  90  98  22  82   6  71
  81  63  54  66  31  41  58  14  72  93  49  26  37  88  17  39   2  21  13  15
   2  30  51   7  63  93  56  36  74  61   7   6  24  60  72   6 100  29  19  23
  73  68 100   9   7  17  47   8  89  11  75  91  41  77  49  55  69   4  91  95
  17  97 100  40   8  71  97  59  51  15  81  23  34  33  84  40  49  30 100  89
  93  74  31  85   2  79  39  71  35  29  17   3  25  16  42  84  39  38  42  41
   4  75  64  38   7  47  29   7  28  28  95  20  53  78  56  55   8  95  77  94
  23  93  96 100  60  89  83  50  78  77  91  82  51   6  71  57   4  99  15  31
  79  61   3  83  38  58  89  46   4  65  91  79   9  87  78  21  75  12  70  53
  40  60  34  90  17   4  98  20  54  12  51  32  73   5  15  62  14   3  59  18
  20  50  96  80  36  25  52  10  88  22  14  28  33  47  17  50   2  67  69   8
  30  71  39   2  27   5  16  93  60  74  10  31  23  57  62  10  33  14  72  20
  35  85  99  19  84  16  20  37  34  89  44  63  11  35  17  90  39  32  82  50
   5  43  32  80  99  94  89  83   7  12  54  93  97  53  63  80  20  83  68  53
  71  12  15  33  46  83  22  36  14   3  86  71  45  17  50  95  10  90  29  68
   2  83  12  50  35  75  81  54  57  48   6  79  59  72  11   4  55  85  92  68
  39  77  90  36  45  39  82   7  81  11  26  34  93  38  83  27  12  63  80  20
  62  37  98  21   8  60  76  14  96  67  82  35  95  71  70  92  62  51  98  94
  13  75  27   5  12  61  31  75  75  62  94  36  98  43  56  58   3  84  71  98
   2   4  84  97  27   5  40  40   8  89  33  20  63  11  25  75  71   7   1  45
  69  47  80  18  89  88  75  43  71  98  41  72   1  76  20  79  81  59  18  88
  47  50   7  10  60  83  36  30  90  88  26  10  34   6  27  23  45  54  65  15
   3  57  38  55  33  58  34  65  16  51   4  15   1  62  24  12  45  11  94  86
  98  19  95  32  76  73   6  20  78  22  86  80  79  24  35  63  33  68  79  48
  18  82  14  70  43  89  82  39  99  75  24  49  45  18  32  21  43  37  40  20
  58  26 100  88   1  86   2  33  53  80  32  22  61  46  92  56  34  25  94  85
  99  18  33  43  87  16  15  29  52   7  49  61  32  48   1  84  85   2  16  37
  82  99  58  94  44   1  49  30  25  43  14  75  12  98  70  98  13  36  27  16
  42  75  28  25  74  28   8  58  30  75  46  11  74  55   4  69  56   5  98  32
  47  63  59  10  60  80   7  24  15  33  39  57  59  67  81  84  94  89  41  75
  63  38  85  88  93  41  57 100  45  54  83  43  17  41  52  28  72  58   4  87
  43  94  43   1  60  75  85   6  63  77  32  78  67  17  17  59  57  73  10  53
  79  92  95  47  85  46  26  56   3  29  94  97  23  36  98  34  11  34  91  25
  62  23  54  28  39  71  38  47  95  47  99  73  91  45  19  27  90  97  82  44
  25  76  41  47  63  90  81  25  75  71   2  88  93  55  68  83  77   5  81  72
   4  31  96  94  75  67  72  16  63  53  12  87  80  52  34  95  93  66  19  19
  88  20   6  81  75  73  15   3  30  48  74  33  78  22  78   5  88  49  72  50
  53  83  88  33  86  21  27  78  38  97  48  26  17  54  58  43  78  24  45   7
  71  71  39   1  92  68   5  31  16  76  80  21  11  19   5  96  92  31  26  29
  79  73  54  95  26  63  89   4  87  86  10  57  56   1  57  99  20  13  81  88
  41  12   8  51  30  12  46  21  94  71  50  72  96  55  19  21  18   7  76   4
  44  38  12  99  90  69  49   9  33  29  96  73  92  55  75  22  66  73  42  11
  95  43  83  90  98  53  11  15  11  38  70  55  75  81  53  16   1  54  25  34
  34  72  58  26  27  33  99  92  57  40  55  51  83  37  41  32  41   3  46  51
  92  67   5  19  47  10  34 100  63  58  85  48  82  42  25   8  26  23  51  82
  63   5  33  97  93  25  28  33  79  25  84  70  91  88  88  89  97  22  40  11
  31  24  11  12  66  35  71  43  58  74  25  72  78   9  20  71  33  47  55  11
  23  38  32  65  78  20   5  26  41  45  37  23  68  47  87  85  33  57  28  42
  30  52  13  60  12  84  82  44  30  36   6   4  26  89  68  55   8  73  80 100
  17  16  75  36  14  61  21  47  69  48  88  51  51  53  10  62  36  43  57  18
  30  14  21  55   2  41  61  62  13  41  61  81   8  35  16  22  47  88  20  16
  35   7  18  37  11  79  98  99  21  54  16  50  19  88  57  21  28  17  82  92
  57  94  24  17  81  40  38  79  79  57  46  66  15  63   2  78  41 100  76  61
   5  43  63  24  30  19  96  10  35  77   1  44  22  25  60  54  16  49  33  46
  57  78  11  23  41  13 100  33  12  27  94  68  69  56  91  51  26  86  60  12
  14  60   7  88  36  66  41   3  66  73  49  22  51  59  97  43  71  48  75  34
  75  20   2  95  27  44  45  52  82   4  64  95  16  70  34   3  88  75   6   5
  99  54  27  49  64  75  43  87  22  70  20  48  89  73  43  16  17  87  67  50
  43  82  96  58   4  30  60  43   4  17  47   2  70  73   3  86  99  97  72  21
  66  43  68  55  68  10  22  36  49  40  85  91  22  80  48  25   9  59  67  64
  76  13  18  97  38  20  82  36  68   5   8  34 100  28  40  67  89  61   2  37
 100  86  79  21  65  78  97  26  37  15  89  12  80   6  60  69  77  94  56  45
  98  16  30  49  43  69  15  31  29  16  20  80  53  98  53  70  76  49  95  64
  16  35  27  47  41  86  67  69  79  74  13  29  89  42  77  83  62  44  66  42
  11  85  22  64  34  74  85  61  74  79  24  41  65  50  87  57  88   5  26  18
  31  90  46  19  84  75  54  45  18  19  87  28   3   8  43  88  81  27  49  54
   5  72  95  22  74  33  78  13  90   3  30  20  93  76  90  76   2  43  72  19
  61  58  46  15  65  89   3  97  67   3   3  72  74  97  45  99  81  22  11  70
  25  41  89  69  68  79  96  69  73  67  39  34  25  36 100  41  76   2  38  43
   4  40  66  30  88  10  80  20  31  43  90   7  35  30  75   2  60  22  22  33
  89  12  18  13  47  17   5  23  71  94  17  26  33  82  55  72  91  87  92  73
  29  33  80  63  14   6  16  26  28  89  10  68 100  27  32  98  95  36  20  65
  30  36  91  14  69  97  86  59  83  29  84  11  13  63  25  26  20  40  51  99
  28  60  18  79  38  49  77  33  85  96  49  66  84  39  31  52  88  68  63  70
  96  98  33   8  60  57  86  31  97  36  82  76  48  99  55  85  48  31  69  84
  26  18   1  61   8  31  65  95  99  79  65  94  76  97  54  87  53  39  69   1
  26  50  77  25   1  31  10  48  61  78  83  38  47  83  51  55  13  15  49  11
  45  65  57  72  61  62  58  66  52  78  66  77  28  42   2  28  72  63  27  84
  92   9  22  39  43  72  93   7  38  93  18  82  58  26  53  18  87  62  35  90
  39   1  66  18  94  19  97  18  33  23   1  25  83  74  15  77  45  59  84  82
  51  53  15   8  30  19  78  16  32  12  57  23  64  74  40  10  93  37  27  77
  11  79  53  46  53  67  22  97  25   5  31  28   9  97  35  38  68  64   5  99
  28  61  21  43  35  13  52  27  49  30  55  11   9   8  56  61  74  78   9  51
  34  91  78  43  88  64  80   7  28  85   5  55  45  78  97  79  90   1  57  90
  30  12 100  90  71   8  50  96  85  11  46  18   1  23  12  40  39  92  46  66
  76  51  72  72  80  20  51  21  20  59  10   2  22  61  91  92  68  93  88   4
   3  33  74   3   8  85  95  46  28  40  63   3  42  34  27  21  53  77  41  25
  87   2  26   9  15  68 100  34  60  87  38  62  72  63  17  79  47  11  76  75
  50  38  29  44  23  55  64  27  83  57  51  70  10  28  78  76  96  29  10  55
  16  99  69  87  61  37  17  59  47  92  85  48  81  66  91   3  72   7  29  55
  15  32  76  76  59   5  52   6  33  13  13 100  63  81  38  75  69  54  33  15
  97  70  14  77  35  57  31   6  15  12  12  29  43  39  56  53  43  59  59  28
  71  23  27  33   3  65   7  71  70  92  37  67  61   2  95  47  10  78   4  24
  89  16   4  83   6  60  87  49  18  97  28  41  19   6  25  73  22  32  95  92
  75  83  10  87  85  56  33  94  33  36  70  73   3  73  55   9  84  42   9  54
  38  36  94   9  93  70  81  15  53  76  58  27  10  19  13  94  74  45  40  59
  33   9  31  35  33  86  43  17  79  51  70  68  38  15  76  31  84   9  97  37
  36   6  15  45  24  28  91  49  24  30   7   8  38  38  43  22  75  37  38  53
  40  59  72  77  25 100  59  61   8  55  49  43  60  63  39  35  42  29  84  18
  10  42  25  99  79  19  21  53   8  58  57  47  69  29  75  93  28  86  53  87
  40   1  81  52  16  19  38  57 100  73  26   9  15  51   8  93  21  28  98  28
  37  54  26   5  34  53  50  13  38   2  99  77  55  79  80  70  50  70  78  49
  42   4   9  56   6  16   1  78  95  98  58  84   3  83  88  89  35  89   1  72
  43  52   1  49  82  32  18  31   1  47  31  95   2  92  50   7  59   2  37  54
  51  94  37   6  76  76  94  63  17  46  86  59  49  86   7  31  70  76  13  22
  22  96  16  76  87  18  34  45  19  70  50  70  63  38  75  91  14  20  53  30
  17  90  40  66  28  46  96  97  21  60  18  94  55  86  69  41   3   3  38  21
  24  87  42  87  25  68  29  90  87  81  71   4  22  10  21  49   7  68  45  79
  27  15  72  82 100  93  74  54  47  63  74  70   2  68   8  26  35  36  67  74
  68  89  29  90  50  49  38  56  16  35  34  94   1  57  75 100   1   1  53  99
  15  78  21  16  97  28  93  32  16  59  57  83  99  85  24  48  85  14   3  52
 100  88  45 100  97  72  51  49  72  55  48  38  32  68  54  81  47  46  64  14
  57  20  49  55  56  72   3  92  37  57  43  36  97  87  35  93  58  85  41  81
  39  40  19  23   7  24  55   6  69  18  19  25  37  67  32  44  91  86  35  27
  42  29  63  38  67  49  82  77  34  23  57  24  62  27  98  21  50  52  26  71
  69  96  47  57  63  78  52  53  63  38  79  57  66  93  94  33  42  28   9  27
  50  17   2  63  96 100  35  45   3  60  67  24   8  14  32  70  43  84  74  58
  21   4  14  87  97  59  71  90  86  79  16  87  95  17   2  90  68  36  87  23
  48   5  46  55  18  77  24  13  60  97  70  33 100  35  71  48  93  41  37  79
  19  52  17  65  21  18   7  40  54  45  62   1  49  59  55  19  36  30  31  47
  78  52  79  29  86  49  77  30  41  65  60  11  69  77  76  89  94  34  80  99
  78  94  51  78  52   5  48  87  86  30  86  63  81  64  44  18  65  20  48   5
  84   7  68   4  83  43  92  29  28  24  27  57  17  78  34  68  34  34   7  20
  63  44  34  44  59  77  61  23  48  60  80  84  67  47  87  49  41  31  29  20
  54  56  76  22  85  61  41  70  94  47  41  57  42  75  52   1  51  64  75  51
  24  54  34  90  52  20  90  44  50  19  63   3  26  38  24  10  51  17  31  44
  63  72  52  57  46   3  57  48  67  31  98  90  37  31  31  88   3  20  84  52
  38  46   7  63  36  82  24  86  98  55  81  13  26  33  69  71  87  25  70  53
  55  68  94  91  50  24  31  52  44  14  56  33  11  62  96  98  95  19  35  93
  25  16   5  50 100  25  72  86  49  42  91  55  61  36  98  62  60  28  66  55
  93  21  87  55  34  82  53  28  53  87  72  77  54  28  79  53  52  50  91  52
  91  33  59   3  68  56  65  79  35  30  33  79   2  72  33  35  53  85  14  57
  24  86  86  77  13  64  82  65  13  24  68  56  56  26  58  75  81  74  54  67
   3  38  45   4   9  78  90  14  14   4  70  37  89  55  14   1  70  47  17  83
  70  85  38  77  10  47  51  43  21  56   9  75  94  54  31   2  83  20  67  96
  23  37  33  63  43  98  16  13  44  32  47  65  68  36  41  30  82  43  72  54
  99  32  29  44  85  59  97  67  30  64  15   5  52  47  67  46  44  82  10  39
  66  56   3  85  43  43  14  25  37  37  30  87  69  10  30   5  68  27  24  50
  42  38  54  93  84  72  38  79   6  48  17  71  55  19  55  98  13  21  74  49
  57   3  88  77  13  17  82  32  95  57  33  36  94  86  28  29  58  18   7  63
  65  75  85  71  93  91  68  57  11  41  57  20  96  44  96  60  61  29  43   7
  85  76  43  30  61  22  10  70  39  68  84  55  42  68  26  86  59  45  42  21
  86  51  40  33  94  88  92   6  68  34  13  53   9   7  34  22  28  44  91  19
  11  75  25   5  94   2  90   4  47  84  25  84  34  16  16  79  55  59  85  23
  92  97  27  53   3  60  26  82  55  16  52  18  42  77  74  88  78  15  91  76
  98  67  59  83  83  26  62  89  84  46  11  28  94  37  80  48  49   5  81  55
  72  33  72  66  61  97  53  90  12  95  66   9  62  24  44  96  50   5  84  85
   2  95  12  47  83  43  46  83  99  26  38  23  10  61  88  70  58  92  12  69
  86  77  29  99 100  72  94   1  28  78  86  81  72  97  79   6  92  24  89  90
   2  78  12  63  38  99  85  95  42  96  15  80  72  44  78  23  67  72  24  47
  49  61  27  72   9   6  77 100  81  17  90  82  94   1  97  32  52  81  78  45
  76  45  24  99  40   2  21   6  25  96  52  73   8  31  96  17  36  72  68  68
  41  57   2  34  10  98  17  13  78  47  57   5  91  81  55  30  34  27  87  58
  23  91  82  82  21  77  98   8 100  18  75  40  74  76  74  35  73  90  47   2
  88   4  58  78  36  12  59  69  91  46  78  65  36  59  46  56  87  96  63  86
  13  89  26  38  65  51  73  37  92  71  91  80  74  48   9  61  12  68  81   2
  13  10  66 100  68  63   7   6  58  69  92  70   9  69   8  73  71  32  62  62
   2  52  93  28  51   2  40  14  21  21  67  33  30  32  84  50  47  90  55   4
  10  98  26  18  18  85  91  88  16  52   2  69  55  94  48  57  47  88  71  67
   8  37  51  89  21  34  38  67  75  45  22  84  42  47  54  12  31  44  99  98
  47  52  19  53  98  66   9  44  53  79  63  60  68  65  49  88  51  38   6  25
  82  27  61  76  74  14  87  56   9  37   6   7  89  24  59  86  89  19  81  94
  50  95  53  17  60  53  56  10  91  61  34  24  87  94  51  12  59  37  20  67
  26  25  73  66 100  83   3  88   2  83  81  51  78  86  19  37  90  74  98  32
  34  31  56  72  77  58  84  35  47   3  54  72  79  26  37  78  61  91  17  62
  73  50  12   2  35  82  90  76  55  87   8  40  70  15  11  46  72  46  32  18
 100  37  41  78  15  29  55  75  19  72  36  44  21  99  45   7  80  87  34  34
  73  41  73  94   7  35  91  79  81  23  48  80  59  41  10  73  69  64  99  88
  87  34  31  59  84  27  17  63  13  51  48  38  43  72  31  50   7  22  80  39
  96  79  70   6  19  79  31  88  95  29  27  33  63  57  44  46  35  60  61 100
  62  60  37  57  32  19   6  90  40  37  80  87  15  49  93  86  80  23  73  26
   3  51  58  65  59   1  63  93  13  75  92  26  34  80  82  17  99  87  58  90
  75  89  77  42  90  21  27  21  95  51  46  97   1   3  14  59  56  76   3  68
   2  95  45  87  26  27  56  24  65  65  14  40  54  42  81  43  62  59  63  56
   9  60  52   9  62  65  19  69  92  21  88  45  67  33  32  93  59  87  68  23
   3  81  14  56  74  46  50  35   4  64  42  12  23  46  72  37  10  42   5  54
  15  93  98  33  25  81  77  35  19  45   9  22  77  75  29  51  20  79  37  76
  94  79  39  69  24  63   5  85   4  61  90  18  53  40   3  29  20  79  15  91
  23  76  12  52  50  92  54  69  22  90  96  16  68  35  36  43  97  40  80 100
  52  69  70  57   8  24  37  80   2  52  70  77  27  33  28  76  24  81  96  46
  22  92  13  42  78  48  84  74  39  63  25  90  84  46  46  91  69  83  70  71
  34  39  99  12  71  78  39  47  10  86  92  31  29  56  72   6   3   8  31  41
  22  56  82   5  53  28  96  22  62  17  44  47  56  94  58  78  71  96  24  80
  33  67  62  62  22  34  67  76  93  98  68  14   5  50  19  57  29  14  30  90
  30  73  36  37  66  45  67  88  92  42  67  24  61  81  85  82  14  52  10   6
   1  77  71  57  78  89  13   6   2  95  47  84  67  34  72  85  78  38  24  69
  80  43  93  40  23  29  73  88  32  34  45  32  63  15  88  40   4  53  98  57
  47  96  92  65  30  64   1   7  53  25  28  32  19  72  23  41 100  48  28  32
  81  72  15  95  86  55  35  41  59  84  98  57  79  41  21   8   4  74  67  57
  50  94  40  68  65  15   8  16  62  87  99  94  58  66  89  95  72  75  88  30
  58  85  86  88  77  58  48  81  31  66  89  80  11  28  99  75  94   6  42  55
  44  41   1   1  58  89  48  29  15  35  10  24  71  95  11  47   4  10  79  87
  75  67  18  85  47  17  11  40  74   5  47  18  97  99  70  54  87  17  82   1
   3  91  24  73  37  86  72  40  48   2  78  22  69  96  59  67  12  21  58  85
  25  56  54  21  54  24  74  92  92   7  44  95  49  19  19  85   5  42  77   4
  44  54  25  64  49  35  30  12  56  39  49  80  95   2  53  48  77  26  40  69
  85  35  15  33  54  33  18  10  27  46  13  70  51  89  33  52  24  62  63  79
 100  63  10  46  17  62  94  93  40  85  13  24  71  79  56  24  64  25  33  90
  22  45  59  73  34  91  24   9   4  38  39  55   1  48   1  69  62  46  13  53
  82  26  76  52  56  83  28  19  60  60   8  81  57  66  53  42   8  76  50  63
  66  88  18  66  87  70  86  48  67  98 100 100  75  27   3  31  10  30  49  21
  42  57   1  98  74  54  91  82  81  40  96  98  79  65  15  65  34 100  13  52
  98  64   3  72  43   6   2   4  87  51  24  28  59  24  77  32  29  67  65  62
   6  61  59  84  25  74   1  11  73  65  62  70  28  17  94  70  74  95  73  60
  97  96  88  55  72  16  87 100  83   3  61  40  63  20  24  88  93  24  98  17
  88  11  87  67  79  80  89  52  26  13  12  23  61  51  29  32  66  67  83 100
  70  96  40  32  15  15  71  59  90  68  27  77  31  13  95   9  44  35  61  22
  48  24  96  60  74  24  43  91  91  25  91  60  20  82  43  86  96  14  96  85
  33  23  13  63  87   7  24  83  94  84   4  41   7  99  52  32  74  94  74  16
  70  16  75  90  97  70  27  92  83  75  76  67  97  88  30  35  47  53  69  40
  88  72  32  46  22  83  29  48  76   2  63  45  18  90  86  14  59  13  58  93
  39  33  59  35  73  40  21  19  44  90  10  31  13  41  76  87  23   4  34  50
   6  48  46  75  37  32  40  47  96  97  39  34  82  50  20  54  89  92  24  33
  81  33  15  46  73  91  32  47  46  17  48   3  64  93  77  53  76  69  99  71
  17  90  56  98  39  27   3  79  19  26  63  51  10  78  96  82  20  79  80  65
  47  27  20  63  20  48  15  95  16  65  18  33  54  25  82  92  52  85  23  22
  62  85  24  72  14  20   5  85  50  37   2  49  63  21  11  34  68  77  81  84
  41  50  68  95  74  49  38  77  85  60  50  47  97  74  70  62  45  26  47  94
  62  48  42  25  20   4  10  87  80  90  22  21  39  41  15  65  42  52  41  26
  64  43  24  12  16  45  73  60  71  71   5  32  18  47  56  89   2  18  76  82
   7  97  54  98  38  68  62  31  71  54  56  86  96  32  97  11  76  22  22  46
  92  27  30  62  25  37  50  26  54  25  59  61  74  12  58  63  79  71  93   2
  24 100  39  20  83  36  82  59  57   4  56 100  30  85  61  54  22  63  31  75
  39  90  87  12   1  96  26  32  66  70  85  90  70  23  61  52  10  42  62  18
  45  70  18  26  54  30  31  27  92  62   2  31  51  40  94  51  36  72  82   1
  41  18  42  62  41   2  66  50  44  79  68  40  48  85  66   2  66  48  80  58
   9  81  40  59  73  33  62   8   4  95  60  97  13   2  58  53   3  75   2  98
  54  21  90   1  57   7  54  23  54  34  80  63  66  19  21  38   3  34  97  59
  29  57  55  41  58  64  45  12  39  98  62  44  19  51  44  75  57  50  97  10
  83  28  72  48  98  45  38   1  78  34  11   6  42  17  98  51  80  42  63  70
  40  24  65  10  26   9  84  82  10  33  91  92  60  15  91  58  59  28  10  88
  14  20  46  55  36  43   6  67  85  20  89  76  43  53  85  20  13  20   1  22

