0.524839579434232
0.272854301703291
0.788599468340305
0.198069242617699
0.518232990650251
0.865637526600025
0.16917097116524
0.477105320006636
0.25686935870036
0.850987796963409
traherom@vmramlap:~/src/moreharts/afit/secure_software/lab7$ ./task1.pl
0.524839579434232
0.272854301703291
0.788599468340305
0.198069242617699
0.518232990650251
0.865637526600025
0.16917097116524
0.477105320006636
0.25686935870036
0.850987796963409
traherom@vmramlap:~/src/moreharts/afit/secure_software/lab7$ ./task1.pl
0.524839579434232
0.272854301703291
0.788599468340305
0.198069242617699
0.518232990650251
0.865637526600025
0.16917097116524
0.477105320006636
0.25686935870036
0.850987796963409
