traherom@vmramlap:~/src/moreharts/afit/secure_software/lab7$ ./task2.pl
0.734683073432283
0.0412686277154251
0.630885973145393
0.44412306495628
0.196143296209886
0.895949058918617
0.159510287592948
0.429213949054507
0.245522638541306
0.267359209538654
traherom@vmramlap:~/src/moreharts/afit/secure_software/lab7$ ./task2.pl
0.443128810105012
0.652420035653876
0.538188268468854
0.698758033427062
0.0952368957342351
0.292085346052758
0.283992082482964
0.996676974039552
0.693607582934792
0.803391107184098
traherom@vmramlap:~/src/moreharts/afit/secure_software/lab7$ ./task2.pl
0.601202250764803
0.71865701451631
0.306837314312485
0.539642639315339
0.852561256510928
0.279833475811742
0.35321823986882
0.0241537192315135
0.660809203740801
0.793565481261567

