traherom@vmramlap:~/src/moreharts/afit/secure_software/lab7$ ./task3
2854360577
3017509932
1664020886
4134973742
643207243
839222207
3902045033
4179655863
512625295
3686280636
traherom@vmramlap:~/src/moreharts/afit/secure_software/lab7$ ./task3
2112038864
3059863582
1047331158
2898796969
3850186924
1941445854
3506497849
926263528
408808573
3633148014
traherom@vmramlap:~/src/moreharts/afit/secure_software/lab7$ ./task3
197564509
2367785036
3897898693
1507008785
3712643782
1808210859
2260768511
3123058234
345905897
705398545

